4294967279,21
4294967279,414
4294967279,412
4294967278,335
4294967279,410
4294967278,338
4294967279,407
4294967294,6
4294967278,334
4294967278,343
4294967279,300
4294967279,397
4294967278,559
4294967279,394
4294967278,560
4294967278,557
4294967278,528
4294967279,391
4294967278,333
66,7
66,5
76,9
39,6
39,5
4294967278,340
19,2
4294967278,266
19,4
4294967294,159
4294967294,512
4294967294,157
4294967294,158
4294967279,399
38,2
96,9
96,8
96,6
94,14
94,13
94,11
94,10
94,9
94,8
94,5
4294967294,1446
4294967294,1464
4294967294,1465
4294967294,1468
88,4
96,4
88,5
96,5
94,4
4294967294,1459
4294967294,491
37,4
38,4
4294967294,1445
36,8
36,0
4294967278,321
4294967278,326
4294967278,325
4294967278,322
4294967278,324
4294967279,322
4294967279,390
4294967279,318
4294967279,385
4294967279,388
4294967279,387
4294967279,384
4294967279,377
4294967279,373
4294967279,389
4294967279,380
4294967279,392
4294967278,234
36,7
36,1
36,6
4294967279,175
4294967279,173
4294967279,439
4294967294,1444
36,2
36,5
36,4
4294967279,150
4294967294,184
4294967294,185
4294967294,11
4294967278,526
4294967278,572
4294967279,381
4294967279,438
4294967278,323
4294967294,1469
27,6
27,5
27,4
4294967294,1436
4294967294,107
4294967294,497
4294967278,268
4294967294,1458
4294967294,1429
25,6
25,5
25,4
4294967294,1438
4294967279,386
46,5
46,4
4294967294,1450
4294967294,1451
4294967294,169
4294967294,175
4294967294,173
4294967294,12
4294967294,126
4294967294,18
4294967294,68
4294967294,104
4294967294,106
4294967294,166
4294967294,160
4294967278,553
4294967279,330
4294967279,437
149,5
149,4
149,3
149,2
149,1
4294967278,515
4294967279,321
67,3
4294967278,551
4294967278,550
4294967279,292
4294967294,1420
4294967294,1426
4294967279,319
4294967294,1424
148,8
4294967278,252
148,7
148,6
148,5
148,4
148,3
148,2
148,1
4294967279,229
4294967278,320
4294967279,241
4294967294,1423
4294967294,1421
4294967279,236
147,7
147,6
147,5
147,4
147,3
147,2
147,1
4294967279,227
4294967294,489
4294967278,223
4294967279,223
4294967294,490
4294967279,315
4294967278,221
4294967294,1018
4294967294,1456
4294967294,1466
4294967279,312
4294967278,547
4294967279,311
4294967294,1461
4294967294,496
4294967278,310
4294967294,1419
145,9
4294967279,201
145,8
145,7
145,6
145,5
145,4
145,3
145,2
145,1
4294967294,488
4294967278,542
4294967294,419
4294967294,414
4294967294,407
4294967294,152
4294967294,403
4294967294,524
4294967294,384
4294967294,411
4294967294,168
4294967294,458
4294967294,394
4294967294,454
4294967279,358
4294967279,356
4294967279,303
4294967278,539
4294967278,561
4294967279,352
4294967278,179
143,4
143,3
143,2
143,1
4294967278,175
4294967294,1454
4294967294,187
4294967279,342
4294967279,372
4294967279,347
4294967279,343
142,6
142,5
142,4
142,3
142,2
142,1
4294967279,341
4294967278,575
4294967279,370
4294967294,1447
4294967278,574
4294967279,338
4294967279,156
4294967278,555
4294967294,1467
4294967278,294
57,3
4294967294,1453
4294967279,149
4294967294,1418
4294967294,176
4294967294,1017
4294967294,1016
4294967294,1015
4294967294,402
4294967278,573
4294967278,144
140,6
140,5
140,4
140,3
140,2
140,1
4294967279,329
4294967279,368
4294967278,271
4294967278,288
4294967278,520
4294967279,324
4294967278,571
4294967279,271
4294967278,287
4294967279,367
4294967279,269
138,6
138,5
138,4
138,3
138,2
138,1
4294967279,323
4294967279,366
4294967279,365
55,3
4294967279,261
4294967278,518
4294967278,516
4294967279,297
4294967279,293
4294967294,485
4294967278,549
4294967294,1425
4294967294,52
4294967279,250
136,7
136,6
136,5
136,4
136,3
136,2
136,1
33,4
4294967294,1443
4294967278,569
4294967294,1457
135,6
135,5
135,4
135,3
135,2
135,1
4294967279,221
4294967278,217
4294967294,1463
4294967278,567
4294967279,214
4294967279,362
4294967279,313
4294967278,566
134,6
134,5
134,4
134,3
134,2
134,1
4294967278,565
4294967278,312
4294967278,546
4294967294,1442
4294967294,1416
4294967294,1008
4294967294,199
4294967294,1006
4294967279,359
4294967278,202
4294967279,203
4294967279,309
4294967278,564
4294967279,199
4294967279,357
4294967279,305
4294967278,562
4294967279,304
4294967279,193
4294967294,206
4294967278,191
4294967279,192
4294967279,302
4294967278,190
4294967279,191
4294967279,190
132,5
132,4
132,3
132,2
132,1
4294967279,353
4294967278,305
4294967279,299
4294967279,355
4294967278,277
4294967279,298
4294967278,304
4294967279,181
4294967279,180
4294967279,351
4294967279,177
4294967279,179
4294967279,349
4294967278,558
27,3
4294967294,495
4294967278,274
4294967279,346
4294967278,167
4294967279,168
130,8
4294967278,166
130,7
4294967279,167
130,6
130,5
4294967279,166
130,4
130,3
130,2
130,1
4294967294,481
4294967278,298
4294967294,429
4294967279,340
4294967279,339
4294967278,529
4294967278,155
129,10
4294967279,155
129,9
129,8
4294967279,154
129,7
4294967278,153
129,6
129,5
129,4
4294967279,152
129,3
129,2
129,1
4294967278,151
4294967279,334
4294967278,524
4294967279,333
46,3
4294967278,523
4294967278,525
4294967279,331
4294967279,144
4294967279,143
128,8
128,7
4294967279,142
128,6
128,5
128,4
128,3
128,2
128,1
4294967278,522
4294967278,521
4294967294,1422
4294967294,421
4294967294,412
4294967294,110
4294967294,451
4294967294,180
4294967294,391
4294967294,461
4294967279,283
4294967279,274
127,5
4294967278,270
127,4
4294967279,273
127,3
127,2
127,1
4294967279,288
4294967278,267
4294967278,265
4294967294,182
4294967294,193
4294967294,1434
4294967278,286
4294967278,519
4294967278,285
4294967279,264
126,8
4294967278,261
126,7
4294967279,263
126,6
4294967278,259
126,5
4294967279,262
126,4
4294967278,258
126,3
126,2
126,1
4294967278,283
4294967279,281
4294967278,517
4294967279,296
4294967278,514
4294967279,295
4294967278,513
4294967279,294
4294967278,512
4294967278,319
4294967279,254
4294967294,416
4294967278,318
125,6
4294967279,255
125,5
4294967278,317
125,4
4294967279,291
125,3
125,2
125,1
4294967278,254
4294967278,248
4294967279,248
4294967278,246
4294967279,247
4294967278,540
4294967278,236
4294967279,238
4294967278,237
4294967279,237
48,3
4294967279,228
4294967278,227
4294967294,1431
4294967279,280
123,8
123,7
123,6
123,5
4294967278,216
123,4
4294967279,216
123,3
123,2
123,1
4294967278,214
4294967294,1432
4294967294,395
4294967294,24
4294967294,205
4294967293,131
4294967293,130
4294967293,129
